9 24 16
44 32 27
62 42 56
19 98 95
78 33 90
64 4 64
23 36 14
19 42 44
20 51 62
16 69 76
70 47 82
37 73 98
71 83 58
76 81 76
60 81 34
85 82 52
46 58 75
79 64 64
80 42 64
62 60 45
24 35 20
27 47 44
68 81 40
65 52 38
63 45 80
40 72 35
10 27 32
95 63 78
83 27 88
52 91 79
57 86 81
73 49 95
76 41 93
98 64 99
61 25 78
86 76 14
75 26 57
75 76 96
39 22 36
83 69 56
76 65 67
58 24 58
73 86 78
49 33 31
22 37 51
39 35 52
73 88 86
62 58 65
48 58 91
45 45 31
64 94 32
53 45 38
93 66 60
31 62 45
72 82 54
26 58 76
43 42 2
43 92 65
14 81 74
40 93 55
27 7 33
83 64 55
90 10 99
99 74 49
28 31 6
79 35 80
16 19 23
98 65 51
40 51 63
88 87 39
73 21 65
28 73 89
54 73 59
65 81 32
62 50 14
39 91 93
60 32 44
60 77 98
52 82 57
40 75 80
92 26 90
83 48 75
27 30 22
76 74 85
63 86 44
47 98 56
85 47 63
51 49 81
36 66 75
60 76 64
77 65 42
88 87 7
60 46 30
39 38 9
14 50 40
32 41 29
48 89 86
15 10 19
86 76 62
89 45 54
46
